229 24
1	05:30:00	20:30:00
2	05:30:00	20:30:00
3	05:30:00	20:30:00
4	05:30:00	20:30:00
5	05:30:00	20:30:00
6	05:30:00	20:30:00
7	05:30:00	20:30:00
8	05:30:00	20:30:00
9	05:30:00	20:30:00
10	05:30:00	20:30:00
11	05:30:00	20:30:00
12	05:30:00	20:30:00
13	05:30:00	20:30:00
14	05:30:00	20:30:00
15	05:30:00	20:30:00
16	05:30:00	20:30:00
17	05:30:00	20:30:00
18	05:30:00	20:30:00
19	05:30:00	20:30:00
33	06:15:00	06:35:00	1 2 3 4 5 6 7 8 9 11 12 13 14 15 16 17 18 19 
39	18:20:00	18:40:00	1 2 3 4 5 6 7 8 9 11 12 13 14 15 16 17 18 19 
44	17:05:00	17:25:00	1 2 3 4 5 6 7 8 9 11 12 13 14 15 16 17 18 19 
40	13:21:00	13:33:00	1 2 3 4 5 6 7 8 9 11 12 13 14 15 16 17 18 19 
49	05:35:00	05:55:00	1 2 3 4 5 6 7 8 9 11 12 13 14 15 16 17 18 19 
42	17:55:00	18:15:00	1 2 3 4 5 6 7 8 9 11 12 13 14 15 16 17 18 19 
35	16:15:00	16:35:00	1 2 3 4 5 6 7 8 9 11 12 13 14 15 16 17 18 19 
34	13:01:00	13:15:00	1 2 3 4 5 6 7 8 9 11 12 13 14 15 16 17 18 19 
41	13:55:00	14:15:00	1 2 3 4 5 6 7 8 9 11 12 13 14 15 16 17 18 19 
50	06:20:00	06:40:00	1 2 3 4 5 6 7 8 9 11 12 13 14 15 16 17 18 19 
45	17:25:00	17:40:00	1 2 3 4 5 6 7 8 9 11 12 13 14 15 16 17 18 19 
53	07:50:00	08:05:00	1 2 3 4 5 6 7 8 9 11 12 13 14 15 16 17 18 19 
52	07:20:00	07:35:00	1 2 3 4 5 6 7 8 9 11 12 13 14 15 16 17 18 19 
43	19:35:00	19:55:00	1 2 3 4 5 6 7 8 9 11 12 13 14 15 16 17 18 19 
46	16:35:00	16:55:00	1 2 3 4 5 6 7 8 9 11 12 13 14 15 16 17 18 19 
76	08:15:00	08:35:00	1 2 3 4 5 6 7 8 9 11 12 13 14 15 16 17 18 19 
68	16:15:00	16:35:00	1 2 3 4 5 6 7 8 9 11 12 13 14 15 16 17 18 19 
55	10:15:00	10:35:00	1 2 3 4 5 6 7 8 9 11 12 13 14 15 16 17 18 19 
61	14:15:00	14:35:00	1 2 3 4 5 6 7 8 9 11 12 13 14 15 16 17 18 19 
74	19:15:00	19:35:00	1 2 3 4 5 6 7 8 9 11 12 13 14 15 16 17 18 19 
82	15:15:00	15:35:00	1 2 3 4 5 6 7 8 9 11 12 13 14 15 16 17 18 19 
59	13:11:00	13:25:00	1 2 3 4 5 6 7 8 9 11 12 13 14 15 16 17 18 19 
103	14:05:00	14:25:00	1 2 3 4 5 6 7 8 9 11 12 13 14 15 16 17 18 19 
70	17:15:00	17:35:00	1 2 3 4 5 6 7 8 9 11 12 13 14 15 16 17 18 19 
93	06:00:00	06:20:00	1 2 3 4 5 6 7 8 9 11 12 13 14 15 16 17 18 19 
69	16:45:00	17:05:00	1 2 3 4 5 6 7 8 9 11 12 13 14 15 16 17 18 19 
100	06:45:00	07:05:00	1 2 3 4 5 6 7 8 9 11 12 13 14 15 16 17 18 19 
102	13:11:00	13:25:00	1 2 3 4 5 6 7 8 9 11 12 13 14 15 16 17 18 19 
85	18:15:00	18:35:00	1 2 3 4 5 6 7 8 9 11 12 13 14 15 16 17 18 19 
96	13:10:00	13:24:00	1 2 3 4 5 6 7 8 9 11 12 13 14 15 16 17 18 19 
87	11:15:00	11:35:00	1 2 3 4 5 6 7 8 9 11 12 13 14 15 16 17 18 19 
105	17:50:00	18:10:00	1 2 3 4 5 6 7 8 9 11 12 13 14 15 16 17 18 19 
91	07:05:00	07:20:00	1 2 3 4 5 6 7 8 9 11 12 13 14 15 16 17 18 19 
1405	18:45:00	19:05:00	1 2 3 4 5 6 7 8 9 11 12 13 14 15 16 17 18 19 
155	13:38:00	13:50:00	1 2 3 4 5 6 7 8 9 11 12 13 14 15 16 17 18 19 
94	06:45:00	07:05:00	1 2 3 4 5 6 7 8 9 11 12 13 14 15 16 17 18 19 
58	12:51:00	13:05:00	1 2 3 4 5 6 7 8 9 11 12 13 14 15 16 17 18 19 
158	14:55:00	15:15:00	1 2 3 4 5 6 7 8 9 11 12 13 14 15 16 17 18 19 
108	13:10:00	13:24:00	1 2 3 4 5 6 7 8 9 11 12 13 14 15 16 17 18 19 
1406	20:05:00	20:25:00	1 2 3 4 5 6 7 8 9 11 12 13 14 15 16 17 18 19 
151	09:05:00	09:25:00	1 2 3 4 5 6 7 8 9 11 12 13 14 15 16 17 18 19 
161	16:55:00	17:15:00	1 2 3 4 5 6 7 8 9 11 12 13 14 15 16 17 18 19 
149	07:05:00	07:25:00	1 2 3 4 5 6 7 8 9 11 12 13 14 15 16 17 18 19 
1408	12:00:00	12:20:00	1 2 3 4 5 6 7 8 9 11 12 13 14 15 16 17 18 19 
164	19:05:00	19:25:00	1 2 3 4 5 6 7 8 9 11 12 13 14 15 16 17 18 19 
57	12:20:00	12:35:00	1 2 3 4 5 6 7 8 9 11 12 13 14 15 16 17 18 19 
148	06:17:00	06:37:00	1 2 3 4 5 6 7 8 9 11 12 13 14 15 16 17 18 19 
163	18:15:00	18:35:00	1 2 3 4 5 6 7 8 9 11 12 13 14 15 16 17 18 19 
152	11:15:00	11:35:00	1 2 3 4 5 6 7 8 9 11 12 13 14 15 16 17 18 19 
1816	13:11:00	13:25:00	1 2 3 4 5 6 7 8 9 11 12 13 14 15 16 17 18 19 
154	12:51:00	13:05:00	1 2 3 4 5 6 7 8 9 11 12 13 14 15 16 17 18 19 
200	17:35:00	17:55:00	1 2 3 4 5 6 7 8 9 11 12 13 14 15 16 17 18 19 
171	17:00:00	17:15:00	1 2 3 4 5 6 7 8 9 11 12 13 14 15 16 17 18 19 
160	16:25:00	16:45:00	1 2 3 4 5 6 7 8 9 11 12 13 14 15 16 17 18 19 
60	13:38:00	13:50:00	1 2 3 4 5 6 7 8 9 11 12 13 14 15 16 17 18 19 
166	08:35:00	08:55:00	1 2 3 4 5 6 7 8 9 11 12 13 14 15 16 17 18 19 
104	16:50:00	17:10:00	1 2 3 4 5 6 7 8 9 11 12 13 14 15 16 17 18 19 
175	07:00:00	07:20:00	1 2 3 4 5 6 7 8 9 11 12 13 14 15 16 17 18 19 
178	13:43:00	13:55:00	1 2 3 4 5 6 7 8 9 11 12 13 14 15 16 17 18 19 
174	13:50:00	14:05:00	1 2 3 4 5 6 7 8 9 11 12 13 14 15 16 17 18 19 
550	07:35:00	07:50:00	1 2 3 4 5 6 7 8 9 11 12 13 14 15 16 17 18 19 
177	11:45:00	12:05:00	1 2 3 4 5 6 7 8 9 11 12 13 14 15 16 17 18 19 
107	11:59:00	12:19:00	1 2 3 4 5 6 7 8 9 11 12 13 14 15 16 17 18 19 
150	08:05:00	08:25:00	1 2 3 4 5 6 7 8 9 11 12 13 14 15 16 17 18 19 
233	07:10:00	07:30:00	1 2 3 4 5 6 7 8 9 11 12 13 14 15 16 17 18 19 
181	16:00:00	16:20:00	1 2 3 4 5 6 7 8 9 11 12 13 14 15 16 17 18 19 
553	07:40:00	08:00:00	1 2 3 4 5 6 7 8 9 11 12 13 14 15 16 17 18 19 
236	06:00:00	06:20:00	1 2 3 4 5 6 7 8 9 11 12 13 14 15 16 17 18 19 
153	12:05:00	12:25:00	1 2 3 4 5 6 7 8 9 11 12 13 14 15 16 17 18 19 
156	14:15:00	14:35:00	1 2 3 4 5 6 7 8 9 11 12 13 14 15 16 17 18 19 
180	18:55:00	19:15:00	1 2 3 4 5 6 7 8 9 11 12 13 14 15 16 17 18 19 
552	07:35:00	07:55:00	1 2 3 4 5 6 7 8 9 11 12 13 14 15 16 17 18 19 
253	11:00:00	11:20:00	1 2 3 4 5 6 7 8 9 11 12 13 14 15 16 17 18 19 
1334	13:26:00	13:38:00	1 2 3 4 5 6 7 8 9 11 12 13 14 15 16 17 18 19 
245	17:15:00	17:35:00	1 2 3 4 5 6 7 8 9 11 12 13 14 15 16 17 18 19 
235	07:30:00	07:50:00	1 2 3 4 5 6 7 8 9 11 12 13 14 15 16 17 18 19 
244	17:55:00	18:15:00	1 2 3 4 5 6 7 8 9 11 12 13 14 15 16 17 18 19 
179	17:55:00	18:15:00	1 2 3 4 5 6 7 8 9 11 12 13 14 15 16 17 18 19 
159	15:55:00	16:15:00	1 2 3 4 5 6 7 8 9 11 12 13 14 15 16 17 18 19 
239	13:43:00	13:55:00	1 2 3 4 5 6 7 8 9 11 12 13 14 15 16 17 18 19 
248	16:55:00	17:15:00	1 2 3 4 5 6 7 8 9 11 12 13 14 15 16 17 18 19 
256	13:01:00	13:15:00	1 2 3 4 5 6 7 8 9 11 12 13 14 15 16 17 18 19 
259	08:40:00	09:00:00	1 2 3 4 5 6 7 8 9 11 12 13 14 15 16 17 18 19 
238	12:30:00	12:50:00	1 2 3 4 5 6 7 8 9 11 12 13 14 15 16 17 18 19 
265	18:20:00	18:35:00	1 2 3 4 5 6 7 8 9 11 12 13 14 15 16 17 18 19 
247	13:50:00	14:05:00	1 2 3 4 5 6 7 8 9 11 12 13 14 15 16 17 18 19 
251	16:55:00	17:15:00	1 2 3 4 5 6 7 8 9 11 12 13 14 15 16 17 18 19 
162	17:35:00	17:55:00	1 2 3 4 5 6 7 8 9 11 12 13 14 15 16 17 18 19 
261	15:45:00	16:05:00	1 2 3 4 5 6 7 8 9 11 12 13 14 15 16 17 18 19 
254	07:42:00	08:02:00	1 2 3 4 5 6 7 8 9 11 12 13 14 15 16 17 18 19 
262	17:05:00	17:25:00	1 2 3 4 5 6 7 8 9 11 12 13 14 15 16 17 18 19 
297	06:45:00	07:05:00	1 2 3 4 5 6 7 8 9 11 12 13 14 15 16 17 18 19 
300	10:30:00	10:50:00	1 2 3 4 5 6 7 8 9 11 12 13 14 15 16 17 18 19 
1438	18:45:00	19:05:00	1 2 3 4 5 6 7 8 9 11 12 13 14 15 16 17 18 19 
264	16:45:00	17:05:00	1 2 3 4 5 6 7 8 9 11 12 13 14 15 16 17 18 19 
250	12:35:00	12:50:00	1 2 3 4 5 6 7 8 9 11 12 13 14 15 16 17 18 19 
296	06:20:00	06:40:00	1 2 3 4 5 6 7 8 9 11 12 13 14 15 16 17 18 19 
303	12:30:00	12:50:00	1 2 3 4 5 6 7 8 9 11 12 13 14 15 16 17 18 19 
182	16:40:00	17:00:00	1 2 3 4 5 6 7 8 9 11 12 13 14 15 16 17 18 19 
299	09:30:00	09:50:00	1 2 3 4 5 6 7 8 9 11 12 13 14 15 16 17 18 19 
314	18:30:00	18:50:00	1 2 3 4 5 6 7 8 9 11 12 13 14 15 16 17 18 19 
302	12:00:00	12:20:00	1 2 3 4 5 6 7 8 9 11 12 13 14 15 16 17 18 19 
306	14:15:00	14:35:00	1 2 3 4 5 6 7 8 9 11 12 13 14 15 16 17 18 19 
317	19:30:00	19:50:00	1 2 3 4 5 6 7 8 9 11 12 13 14 15 16 17 18 19 
165	19:45:00	20:05:00	1 2 3 4 5 6 7 8 9 11 12 13 14 15 16 17 18 19 
309	16:00:00	16:20:00	1 2 3 4 5 6 7 8 9 11 12 13 14 15 16 17 18 19 
305	13:38:00	13:50:00	1 2 3 4 5 6 7 8 9 11 12 13 14 15 16 17 18 19 
728	17:10:00	17:30:00	1 2 3 4 5 6 7 8 9 11 12 13 14 15 16 17 18 19 
308	15:35:00	15:55:00	1 2 3 4 5 6 7 8 9 11 12 13 14 15 16 17 18 19 
312	17:30:00	17:50:00	1 2 3 4 5 6 7 8 9 11 12 13 14 15 16 17 18 19 
351	13:43:00	13:55:00	1 2 3 4 5 6 7 8 9 11 12 13 14 15 16 17 18 19 
349	13:11:00	13:25:00	1 2 3 4 5 6 7 8 9 11 12 13 14 15 16 17 18 19 
311	17:00:00	17:20:00	1 2 3 4 5 6 7 8 9 11 12 13 14 15 16 17 18 19 
355	16:35:00	16:55:00	1 2 3 4 5 6 7 8 9 11 12 13 14 15 16 17 18 19 
243	16:20:00	16:40:00	1 2 3 4 5 6 7 8 9 11 12 13 14 15 16 17 18 19 
315	07:05:00	07:25:00	1 2 3 4 5 6 7 8 9 11 12 13 14 15 16 17 18 19 
352	17:15:00	17:35:00	1 2 3 4 5 6 7 8 9 11 12 13 14 15 16 17 18 19 
354	12:00:00	12:20:00	1 2 3 4 5 6 7 8 9 11 12 13 14 15 16 17 18 19 
168	13:26:00	13:38:00	1 2 3 4 5 6 7 8 9 11 12 13 14 15 16 17 18 19 
220	06:57:00	07:17:00	1 2 3 4 5 6 7 8 9 11 12 13 14 15 16 17 18 19 
393	06:00:00	06:20:00	1 2 3 4 5 6 7 8 9 11 12 13 14 15 16 17 18 19 
246	11:50:00	12:10:00	1 2 3 4 5 6 7 8 9 11 12 13 14 15 16 17 18 19 
344	06:50:00	07:10:00	1 2 3 4 5 6 7 8 9 11 12 13 14 15 16 17 18 19 
378	19:15:00	19:35:00	1 2 3 4 5 6 7 8 9 11 12 13 14 15 16 17 18 19 
1338	07:31:00	07:51:00	1 2 3 4 5 6 7 8 9 11 12 13 14 15 16 17 18 19 
1530	07:35:00	07:50:00	1 2 3 4 5 6 7 8 9 11 12 13 14 15 16 17 18 19 
370	09:00:00	09:20:00	1 2 3 4 5 6 7 8 9 11 12 13 14 15 16 17 18 19 
298	07:30:00	07:50:00	1 2 3 4 5 6 7 8 9 11 12 13 14 15 16 17 18 19 
412	13:06:00	13:20:00	1 2 3 4 5 6 7 8 9 11 12 13 14 15 16 17 18 19 
416	14:30:00	14:50:00	1 2 3 4 5 6 7 8 9 11 12 13 14 15 16 17 18 19 
249	18:20:00	18:40:00	1 2 3 4 5 6 7 8 9 11 12 13 14 15 16 17 18 19 
373	13:48:00	14:00:00	1 2 3 4 5 6 7 8 9 11 12 13 14 15 16 17 18 19 
369	06:25:00	06:45:00	1 2 3 4 5 6 7 8 9 11 12 13 14 15 16 17 18 19 
372	12:30:00	12:50:00	1 2 3 4 5 6 7 8 9 11 12 13 14 15 16 17 18 19 
415	14:05:00	14:20:00	1 2 3 4 5 6 7 8 9 11 12 13 14 15 16 17 18 19 
404	09:30:00	09:50:00	1 2 3 4 5 6 7 8 9 11 12 13 14 15 16 17 18 19 
419	16:00:00	16:20:00	1 2 3 4 5 6 7 8 9 11 12 13 14 15 16 17 18 19 
376	17:20:00	17:40:00	1 2 3 4 5 6 7 8 9 11 12 13 14 15 16 17 18 19 
1121	16:35:00	16:55:00	1 2 3 4 5 6 7 8 9 11 12 13 14 15 16 17 18 19 
301	11:30:00	11:50:00	1 2 3 4 5 6 7 8 9 11 12 13 14 15 16 17 18 19 
304	13:06:00	13:20:00	1 2 3 4 5 6 7 8 9 11 12 13 14 15 16 17 18 19 
422	16:50:00	17:05:00	1 2 3 4 5 6 7 8 9 11 12 13 14 15 16 17 18 19 
392	05:35:00	05:55:00	1 2 3 4 5 6 7 8 9 11 12 13 14 15 16 17 18 19 
418	15:30:00	15:50:00	1 2 3 4 5 6 7 8 9 11 12 13 14 15 16 17 18 19 
396	06:45:00	07:00:00	1 2 3 4 5 6 7 8 9 11 12 13 14 15 16 17 18 19 
425	18:00:00	18:20:00	1 2 3 4 5 6 7 8 9 11 12 13 14 15 16 17 18 19 
307	15:00:00	15:20:00	1 2 3 4 5 6 7 8 9 11 12 13 14 15 16 17 18 19 
407	11:00:00	11:20:00	1 2 3 4 5 6 7 8 9 11 12 13 14 15 16 17 18 19 
421	16:30:00	16:50:00	1 2 3 4 5 6 7 8 9 11 12 13 14 15 16 17 18 19 
395	06:25:00	06:45:00	1 2 3 4 5 6 7 8 9 11 12 13 14 15 16 17 18 19 
399	07:35:00	07:50:00	1 2 3 4 5 6 7 8 9 11 12 13 14 15 16 17 18 19 
398	07:20:00	07:35:00	1 2 3 4 5 6 7 8 9 11 12 13 14 15 16 17 18 19 
410	12:30:00	12:50:00	1 2 3 4 5 6 7 8 9 11 12 13 14 15 16 17 18 19 
413	13:38:00	13:50:00	1 2 3 4 5 6 7 8 9 11 12 13 14 15 16 17 18 19 
402	08:30:00	08:50:00	1 2 3 4 5 6 7 8 9 11 12 13 14 15 16 17 18 19 
252	06:35:00	06:55:00	1 2 3 4 5 6 7 8 9 11 12 13 14 15 16 17 18 19 
401	08:05:00	08:20:00	1 2 3 4 5 6 7 8 9 11 12 13 14 15 16 17 18 19 
448	12:59:00	13:13:00	1 2 3 4 5 6 7 8 9 11 12 13 14 15 16 17 18 19 
441	13:21:00	13:33:00	1 2 3 4 5 6 7 8 9 11 12 13 14 15 16 17 18 19 
405	10:00:00	10:20:00	1 2 3 4 5 6 7 8 9 11 12 13 14 15 16 17 18 19 
451	14:00:00	14:20:00	1 2 3 4 5 6 7 8 9 11 12 13 14 15 16 17 18 19 
428	19:30:00	19:50:00	1 2 3 4 5 6 7 8 9 11 12 13 14 15 16 17 18 19 
255	13:41:00	13:53:00	1 2 3 4 5 6 7 8 9 11 12 13 14 15 16 17 18 19 
454	17:00:00	17:20:00	1 2 3 4 5 6 7 8 9 11 12 13 14 15 16 17 18 19 
424	17:30:00	17:50:00	1 2 3 4 5 6 7 8 9 11 12 13 14 15 16 17 18 19 
436	17:59:00	18:19:00	1 2 3 4 5 6 7 8 9 11 12 13 14 15 16 17 18 19 
444	07:30:00	07:50:00	1 2 3 4 5 6 7 8 9 11 12 13 14 15 16 17 18 19 
431	12:44:00	13:04:00	1 2 3 4 5 6 7 8 9 11 12 13 14 15 16 17 18 19 
397	07:00:00	07:20:00	1 2 3 4 5 6 7 8 9 11 12 13 14 15 16 17 18 19 
447	09:30:00	09:50:00	1 2 3 4 5 6 7 8 9 11 12 13 14 15 16 17 18 19 
439	10:30:00	10:50:00	1 2 3 4 5 6 7 8 9 11 12 13 14 15 16 17 18 19 
437	06:45:00	07:05:00	1 2 3 4 5 6 7 8 9 11 12 13 14 15 16 17 18 19 
442	17:30:00	17:50:00	1 2 3 4 5 6 7 8 9 11 12 13 14 15 16 17 18 19 
427	19:00:00	19:20:00	1 2 3 4 5 6 7 8 9 11 12 13 14 15 16 17 18 19 
433	13:38:00	13:49:00	1 2 3 4 5 6 7 8 9 11 12 13 14 15 16 17 18 19 
450	12:00:00	12:20:00	1 2 3 4 5 6 7 8 9 11 12 13 14 15 16 17 18 19 
258	08:02:00	08:20:00	1 2 3 4 5 6 7 8 9 11 12 13 14 15 16 17 18 19 
310	16:40:00	17:00:00	1 2 3 4 5 6 7 8 9 11 12 13 14 15 16 17 18 19 
453	16:30:00	16:50:00	1 2 3 4 5 6 7 8 9 11 12 13 14 15 16 17 18 19 
456	13:38:00	13:50:00	1 2 3 4 5 6 7 8 9 11 12 13 14 15 16 17 18 19 
423	17:05:00	17:20:00	1 2 3 4 5 6 7 8 9 11 12 13 14 15 16 17 18 19 
313	18:00:00	18:20:00	1 2 3 4 5 6 7 8 9 11 12 13 14 15 16 17 18 19 
426	18:30:00	18:50:00	1 2 3 4 5 6 7 8 9 11 12 13 14 15 16 17 18 19 
429	20:05:00	20:25:00	1 2 3 4 5 6 7 8 9 11 12 13 14 15 16 17 18 19 
316	08:30:00	08:50:00	1 2 3 4 5 6 7 8 9 11 12 13 14 15 16 17 18 19 
319	19:00:00	19:20:00	1 2 3 4 5 6 7 8 9 11 12 13 14 15 16 17 18 19 
348	13:43:00	13:55:00	1 2 3 4 5 6 7 8 9 11 12 13 14 15 16 17 18 19 
371	10:15:00	10:35:00	1 2 3 4 5 6 7 8 9 11 12 13 14 15 16 17 18 19 
374	14:00:00	14:20:00	1 2 3 4 5 6 7 8 9 11 12 13 14 15 16 17 18 19 
377	18:15:00	18:35:00	1 2 3 4 5 6 7 8 9 11 12 13 14 15 16 17 18 19 
1611	13:48:00	14:00:00	1 2 3 4 5 6 7 8 9 11 12 13 14 15 16 17 18 19 
1524	08:15:00	08:35:00	1 2 3 4 5 6 7 8 9 11 12 13 14 15 16 17 18 19 
449	11:30:00	11:50:00	1 2 3 4 5 6 7 8 9 11 12 13 14 15 16 17 18 19 
400	07:50:00	08:05:00	1 2 3 4 5 6 7 8 9 11 12 13 14 15 16 17 18 19 
403	09:00:00	09:20:00	1 2 3 4 5 6 7 8 9 11 12 13 14 15 16 17 18 19 
406	10:30:00	10:50:00	1 2 3 4 5 6 7 8 9 11 12 13 14 15 16 17 18 19 
409	12:00:00	12:20:00	1 2 3 4 5 6 7 8 9 11 12 13 14 15 16 17 18 19 
432	13:05:00	13:19:00	1 2 3 4 5 6 7 8 9 11 12 13 14 15 16 17 18 19 
435	17:29:00	17:49:00	1 2 3 4 5 6 7 8 9 11 12 13 14 15 16 17 18 19 
438	06:20:00	06:40:00	1 2 3 4 5 6 7 8 9 11 12 13 14 15 16 17 18 19 
1521	13:28:00	13:48:00	1 2 3 4 5 6 7 8 9 11 12 13 14 15 16 17 18 19 
452	14:30:00	14:50:00	1 2 3 4 5 6 7 8 9 11 12 13 14 15 16 17 18 19 
48	18:50:00	19:10:00	1 2 3 4 5 6 7 8 9 11 12 13 14 15 16 17 18 19 
51	06:45:00	07:05:00	1 2 3 4 5 6 7 8 9 11 12 13 14 15 16 17 18 19 
455	18:30:00	18:50:00	1 2 3 4 5 6 7 8 9 11 12 13 14 15 16 17 18 19 
54	09:15:00	09:35:00	1 2 3 4 5 6 7 8 9 11 12 13 14 15 16 17 18 19 
1404	17:45:00	18:05:00	1 2 3 4 5 6 7 8 9 11 12 13 14 15 16 17 18 19 
106	19:00:00	19:20:00	1 2 3 4 5 6 7 8 9 11 12 13 14 15 16 17 18 19 
167	10:15:00	10:35:00	1 2 3 4 5 6 7 8 9 11 12 13 14 15 16 17 18 19 
170	13:26:00	13:38:00	1 2 3 4 5 6 7 8 9 11 12 13 14 15 16 17 18 19 
173	12:30:00	12:50:00	1 2 3 4 5 6 7 8 9 11 12 13 14 15 16 17 18 19 
559	07:15:00	07:35:00	1 2 3 4 5 6 7 8 9 11 12 13 14 15 16 17 18 19 
237	07:20:00	07:40:00	1 2 3 4 5 6 7 8 9 11 12 13 14 15 16 17 18 19 
257	18:00:00	18:20:00	1 2 3 4 5 6 7 8 9 11 12 13 14 15 16 17 18 19 
260	11:55:00	12:15:00	1 2 3 4 5 6 7 8 9 11 12 13 14 15 16 17 18 19 
263	13:21:00	13:33:00	1 2 3 4 5 6 7 8 9 11 12 13 14 15 16 17 18 19 
1410	10:30:00	10:50:00	1 2 3 4 5 6 7 8 9 11 12 13 14 15 16 17 18 19 
347	13:09:00	13:23:00	1 2 3 4 5 6 7 8 9 11 12 13 14 15 16 17 18 19 
350	13:21:00	13:33:00	1 2 3 4 5 6 7 8 9 11 12 13 14 15 16 17 18 19 
353	13:11:00	13:25:00	1 2 3 4 5 6 7 8 9 11 12 13 14 15 16 17 18 19 
356	18:00:00	18:20:00	1 2 3 4 5 6 7 8 9 11 12 13 14 15 16 17 18 19 
379	16:35:00	16:55:00	1 2 3 4 5 6 7 8 9 11 12 13 14 15 16 17 18 19 
408	11:30:00	11:50:00	1 2 3 4 5 6 7 8 9 11 12 13 14 15 16 17 18 19 
411	12:51:00	13:05:00	1 2 3 4 5 6 7 8 9 11 12 13 14 15 16 17 18 19 
414	13:50:00	14:05:00	1 2 3 4 5 6 7 8 9 11 12 13 14 15 16 17 18 19 
417	15:00:00	15:20:00	1 2 3 4 5 6 7 8 9 11 12 13 14 15 16 17 18 19 
440	13:01:00	13:15:00	1 2 3 4 5 6 7 8 9 11 12 13 14 15 16 17 18 19 
443	19:35:00	19:55:00	1 2 3 4 5 6 7 8 9 11 12 13 14 15 16 17 18 19 
446	15:30:00	15:50:00	1 2 3 4 5 6 7 8 9 11 12 13 14 15 16 17 18 19 
