500 20
  1	05:00:00	21:00:00
  2	05:00:00	21:00:00
  3	05:00:00	21:00:00
  4	05:00:00	21:00:00
  5	05:00:00	21:00:00
  6	05:00:00	21:00:00
  7	05:00:00	21:00:00
  8	05:00:00	21:00:00
  9	05:00:00	21:00:00
 10	05:00:00	21:00:00
 11	05:00:00	21:00:00
 12	05:00:00	21:00:00
 13	05:00:00	21:00:00
 14	05:00:00	21:00:00
 15	05:00:00	21:00:00
 16	05:00:00	21:00:00
 17	05:00:00	21:00:00
 18	05:00:00	21:00:00
 19	05:00:00	21:00:00
 20	05:00:00	21:00:00
  1	05:00:00	05:10:00	 1  2  3  7  8 10 11 12 15 16 19 
  2	05:18:00	05:22:00	 1  3  4  5  7  8  9 11 15 17 19 20 
  3	05:41:00	05:49:00	 2  3  4  5  7 10 11 12 13 16 18 19 
  4	05:54:00	06:04:00	 1  5  7  8 11 12 15 17 18 20 
  5	06:19:00	06:29:00	 2  4  5  6 12 14 18 19 
  6	06:25:00	06:27:00	 1  3  5  6  8  9 10 12 13 14 15 16 17 18 
  7	06:44:00	06:50:00	 1  3  7 13 14 15 16 18 20 
  8	06:50:00	07:00:00	 2  3  4  7 10 12 13 14 15 17 18 
  9	06:51:00	06:59:00	 1  2  3  7 11 13 14 15 16 19 20 
 10	06:54:00	06:56:00	 2  3  5  7  8  9 12 14 15 16 17 18 20 
 11	06:53:00	06:57:00	 1  3  5  6  8  9 10 12 13 15 17 18 20 
 12	06:57:00	06:59:00	 1  2  3  4  7  8  9 10 11 16 20 
 13	07:20:00	07:28:00	 3  4  6  7  8 17 18 
 14	07:48:00	07:50:00	 2  3  4  6  9 11 12 13 16 18 19 20 
 15	08:09:00	08:13:00	 2  5  7  9 11 12 15 16 19 20 
 16	08:11:00	08:15:00	 1  3  5  6  7  9 12 13 15 16 18 19 20 
 17	08:21:00	08:27:00	 1  2  6  8 10 11 12 15 19 20 
 18	08:23:00	08:31:00	 5  6  7 16 18 20 
 19	08:29:00	08:33:00	 3  4  6  8 11 13 15 18 
 20	08:29:00	08:35:00	 1  3  6  8  9 10 12 13 14 15 17 18 19 20 
 21	08:31:00	08:41:00	 2  4  5  7  8  9 12 16 17 18 19 
 22	08:38:00	08:42:00	 4  5  6  9 10 16 17 19 20 
 23	08:36:00	08:46:00	 1  2  5  8 11 12 15 
 24	08:40:00	08:48:00	 1  2  8  9 10 11 12 14 16 17 19 
 25	08:44:00	08:46:00	 2  3  6 11 12 14 15 17 19 
 26	08:46:00	08:50:00	 3  4  5  6 14 15 18 19 20 
 27	09:12:00	09:14:00	 3  7 11 12 13 16 
 28	09:21:00	09:27:00	 4  5  7  8 11 12 15 18 
 29	09:35:00	09:43:00	 2  3  4  6  7  9 10 14 15 17 18 19 20 
 30	09:39:00	09:49:00	 2  4  5  6  8  9 10 11 12 17 20 
 31	10:02:00	10:10:00	 1  2  3 11 12 14 15 16 20 
 32	10:02:00	10:10:00	 1  3  4  5  6  7  8 12 13 14 15 16 17 19 
 33	10:06:00	10:08:00	 1  2  3  4  6  8  9 15 16 18 20 
 34	10:04:00	10:12:00	 3  4  6  7 11 12 14 15 16 
 35	10:06:00	10:10:00	 1  4  6  8  9 13 14 15 16 17 
 36	10:09:00	10:13:00	 2  5  9 11 12 15 16 17 19 20 
 37	10:17:00	10:27:00	 1  5  8  9 11 12 14 15 16 17 
 38	10:19:00	10:29:00	 1  3  5  6  7  8  9 10 11 12 14 15 16 17 18 
 39	10:27:00	10:37:00	 1  3  4  6  9 10 13 14 15 17 19 20 
 40	10:32:00	10:40:00	 1  2  3  4  6 11 12 13 15 16 17 18 19 20 
 41	10:38:00	10:40:00	 3  4  5  6  7 12 14 15 17 
 42	10:47:00	10:49:00	 3  4 10 11 19 
 43	11:10:00	11:16:00	 2  4  5  7  8 10 11 12 13 14 15 18 
 44	11:18:00	11:20:00	 1  2  5  6  7 10 11 13 14 15 19 20 
 45	11:38:00	11:48:00	 1  2  3  4  6  7  8 10 11 13 16 18 19 20 
 46	11:43:00	11:49:00	 2  5  6  7 10 12 13 14 19 
 47	11:57:00	12:03:00	 2  4  6  7 10 12 16 17 
 48	12:12:00	12:18:00	 1  2  3  5  6  8  9 11 12 13 15 17 19 
 49	12:14:00	12:16:00	 1  2  3  4  5  7  9 12 14 16 20 
 50	12:15:00	12:21:00	 3  4  6  7  8 12 13 14 
 51	12:18:00	12:24:00	 5  7 10 11 13 15 18 20 
 52	12:20:00	12:30:00	 3 11 13 16 17 19 
 53	12:26:00	12:32:00	 1  5 11 14 16 
 54	12:49:00	12:57:00	 1  4  5  6  7  9 10 13 16 18 19 20 
 55	12:52:00	12:58:00	 5  7  9 10 11 15 17 19 20 
 56	12:54:00	12:58:00	 1  4  5  8  9 11 12 14 19 
 57	12:55:00	12:59:00	 1  3  5  6  7  9 10 14 16 18 20 
 58	13:19:00	13:23:00	 1  3  4  8  9 11 13 14 15 18 20 
 59	13:21:00	13:29:00	 3  5 11 12 17 19 20 
 60	13:37:00	13:45:00	 1  6  8  9 10 11 14 15 17 19 20 
 61	13:37:00	13:45:00	 1  2  3  4  5  6  7  8 10 11 14 15 16 20 
 62	13:43:00	13:45:00	 5  6  7  8 10 12 14 15 16 
 63	13:43:00	13:53:00	 1  4  5  8  9 11 12 16 17 18 19 
 64	13:52:00	13:54:00	 3  4 11 12 13 19 
 65	13:51:00	13:57:00	 1  2  6  7  8  9 10 15 17 18 19 
 66	13:52:00	13:56:00	 3  4  6  7  9 12 14 16 17 19 20 
 67	13:53:00	14:01:00	 2  4  5  7  9 10 11 13 14 15 16 18 20 
 68	13:56:00	14:02:00	 1  3  4  6  7  9 12 13 14 18 19 
 69	13:56:00	14:02:00	 3  5  6  7  8  9 15 17 18 19 
 70	13:59:00	14:07:00	 3 10 14 15 16 18 
 71	14:01:00	14:11:00	 1  3  5  6  8  9 11 12 17 20 
 72	14:24:00	14:32:00	 1  2  5 10 12 14 15 16 17 19 20 
 73	14:25:00	14:31:00	 1  2  3  4  9 10 11 14 17 19 20 
 74	14:25:00	14:35:00	 2  4  6  8 10 12 13 15 19 
 75	14:27:00	14:33:00	 1  2  6  9 10 11 13 18 
 76	14:26:00	14:34:00	 4  7  8  9 10 11 12 13 15 17 19 20 
 77	14:42:00	14:50:00	 1  3  4  5  7  8 10 11 12 13 16 17 18 20 
 78	14:45:00	14:53:00	 1  4  6  8 10 11 14 15 16 17 
 79	15:06:00	15:12:00	 3  4  6  8  9 12 13 14 15 
 80	15:33:00	15:35:00	 1  3  5  6  7  8  9 11 12 13 14 15 18 20 
 81	15:32:00	15:38:00	 2  3  9 11 13 14 15 18 19 
 82	15:31:00	15:41:00	 2  6  7  9 11 16 17 20 
 83	15:50:00	16:00:00	 2  3  5  7  9 10 12 15 18 20 
 84	15:56:00	16:04:00	 4 10 12 13 14 15 20 
 85	16:00:00	16:02:00	 3  4  5  6  7  9 
 86	16:11:00	16:13:00	 1  2  5  6  7 11 12 13 14 15 17 18 20 
 87	16:10:00	16:18:00	 2  3  9 10 13 15 16 20 
 88	16:34:00	16:36:00	 4  6  8 10 11 12 13 14 15 16 17 19 
 89	16:34:00	16:36:00	 3  4  6  9 10 12 13 15 18 20 
 90	16:34:00	16:36:00	 1  3  6  7  8  9 10 11 13 15 16 17 
 91	16:38:00	16:46:00	 2  5  6  7  8 11 13 18 20 
 92	16:48:00	16:58:00	 1  2  3  4  5  6  7  8 10 11 12 19 20 
 93	16:52:00	16:56:00	 5  6  7  8  9 13 14 15 17 20 
 94	16:55:00	16:59:00	 1  2  3  7 10 14 15 16 18 
 95	16:59:00	17:03:00	 1  2  3  4  7  8  9 11 12 13 14 16 17 18 19 
 96	17:10:00	17:18:00	 1  2  4  5  7  9 11 12 14 16 17 18 
 97	17:14:00	17:16:00	 2  6  7  8 11 12 14 18 20 
 98	17:16:00	17:18:00	 2  3  4  9 10 14 15 19 
 99	17:15:00	17:21:00	 2  6  8 10 11 12 13 14 15 16 19 
100	17:16:00	17:24:00	 2  5  8 10 13 14 16 17 
101	17:37:00	17:45:00	 1  5  6  7  8 10 11 12 13 14 15 18 
102	17:40:00	17:44:00	 2  3  8  9 10 12 14 15 16 19 20 
103	17:38:00	17:48:00	 2  3  5  7 11 13 14 15 
104	17:40:00	17:50:00	 1  3  5  6  7  9 11 13 14 15 16 17 
105	17:54:00	18:00:00	 1  2  4  5 11 12 13 15 16 18 19 20 
106	17:57:00	18:01:00	 5  6  7  8 11 13 14 16 17 
107	17:57:00	18:01:00	 1  3  5  6  8  9 10 11 12 16 17 20 
108	18:07:00	18:17:00	 3  4  7  8 11 13 14 15 16 18 20 
109	18:35:00	18:45:00	 1  2  3  4  6  8  9 10 12 13 14 17 18 
110	18:40:00	18:42:00	 1  6 10 12 14 15 16 18 19 20 
111	18:42:00	18:48:00	 2  5  8  9 11 12 16 18 19 
112	18:58:00	19:06:00	 3  4  5  6  8 15 19 20 
113	18:58:00	19:08:00	 2  3  6  8  9 13 16 19 
114	19:03:00	19:05:00	 2  3  6  7 11 13 17 18 20 
115	19:05:00	19:09:00	 1  2  3  5  7  8 10 13 19 
116	19:12:00	19:22:00	 1  4  9 12 17 19 
117	19:17:00	19:25:00	 2  4  5  9 14 15 18 19 20 
118	19:34:00	19:40:00	 6  7  8  9 10 13 18 19 
119	19:37:00	19:39:00	 2  6  7  8  9 10 12 14 16 18 19 
120	19:40:00	19:44:00	 1  2  5 10 13 14 18 
121	19:42:00	19:48:00	 3  4  8  9 11 12 14 15 19 20 
122	20:07:00	20:09:00	 8 12 19 
123	20:08:00	20:14:00	 2  3  6  8 11 14 15 16 17 18 
124	20:21:00	20:29:00	 2  3  5  9 10 13 15 16 19 
125	20:30:00	20:36:00	 2  3  6  7 10 12 13 15 18 20 
126	20:55:00	20:57:00	 1  2  4  6  8  9 10 11 12 15 17 19 
127	20:53:00	20:59:00	 3  4  6  7  8 10 11 12 13 14 15 19 20 
128	20:55:00	21:01:00	 2  6  7  8  9 10 12 13 14 16 18 20 
129	21:18:00	21:22:00	 1  2  3  6  7 10 14 15 17 19 
130	21:39:00	21:47:00	 1  3  5  7  8  9 11 12 13 
131	21:43:00	21:49:00	 1  3  4  5  6  7  8 10 15 16 17 19 20 
132	21:49:00	21:57:00	 1  2  5 12 13 14 16 19 
133	21:52:00	22:00:00	 3  4  8 10 11 13 14 16 17 19 20 
134	22:05:00	22:15:00	 3  4  7 11 14 17 18 
135	22:19:00	22:23:00	 1  2  3  4  5  6  7  9 10 11 12 13 16 18 
136	22:29:00	22:31:00	 1  2  6  7 11 13 17 18 
137	22:28:00	22:38:00	 1  3  8 14 17 18 20 
138	22:33:00	22:37:00	 1  2  3  6  8  9 11 12 14 16 17 19 
139	22:37:00	22:41:00	 1  4  5  9 10 12 14 15 16 18 
140	22:43:00	22:51:00	 1  4  5  6  9 11 14 16 17 19 20 
141	22:46:00	22:50:00	 3  5  6 10 11 17 19 20 
142	22:48:00	22:54:00	 1  5  7  8 10 12 14 15 16 
143	22:54:00	22:56:00	 2  7  8  9 10 11 14 15 16 20 
144	22:51:00	22:59:00	 1  2  3  4  5  6  7  8 11 14 15 17 19 20 
145	22:54:00	23:04:00	 1  2  4  7 11 12 14 15 16 17 18 19 20 
146	22:55:00	23:03:00	 2  4  9 10 12 13 14 17 19 
147	22:59:00	23:01:00	 2  3  4  6  7  9 10 13 15 20 
148	22:58:00	23:08:00	 3  4  5 10 11 12 17 18 19 
149	23:20:00	23:28:00	 1  2  3  5  6  7  8  9 10 11 13 14 15 16 
150	23:39:00	23:49:00	 4  5  6  8  9 10 11 14 18 20 
151	23:42:00	23:48:00	 4  5  8 12 13 14 15 18 20 
152	24:04:00	24:10:00	 1  6  9 11 14 16 17 20 
153	24:25:00	24:29:00	 1  2  3  8 11 13 14 16 17 19 
154	24:39:00	24:49:00	 1  2  4  5  6  7  9 11 12 14 15 17 
155	24:42:00	24:50:00	 1  3  4  8 11 12 13 17 19 20 
156	24:43:00	24:51:00	 2  5  8 10 12 13 19 20 
157	24:46:00	24:50:00	 1  2  5  8  9 11 12 13 16 17 
158	24:49:00	24:55:00	 1  3  8  9 10 12 13 15 20 
159	25:03:00	25:13:00	 1  2  4  5  6  7  9 11 12 14 15 18 19 20 
160	25:25:00	25:29:00	 1  6  8 13 14 16 17 18 20 
161	25:26:00	25:34:00	 1  3  8  9 12 14 15 16 18 19 
162	25:46:00	25:52:00	 1  4  8 10 13 17 19 20 
163	26:00:00	26:06:00	 3  4  5  7 10 11 13 17 20 
164	26:02:00	26:06:00	 1  3  4  6  8  9 11 13 14 15 17 18 19 20 
165	26:04:00	26:06:00	 2  3  4  7  8  9 16 17 18 
166	26:07:00	26:09:00	 6  7  8  9 11 14 20 
167	26:06:00	26:12:00	 1  6  7  8  9 12 14 15 16 18 20 
168	26:07:00	26:13:00	 3  5  6  7 10 11 13 17 20 
169	26:09:00	26:15:00	 1  3  5  6  7  9 10 11 15 16 20 
170	26:23:00	26:29:00	 1  2  5  6  9 13 16 17 18 19 
171	26:48:00	26:52:00	 2  3  4  5  9 11 14 16 17 18 20 
172	26:51:00	26:59:00	 2  4  5  6  7  8 12 16 17 18 19 20 
173	26:57:00	27:01:00	 2  4  6  7  9 11 13 17 
174	26:57:00	27:05:00	 1  2  7  9 10 11 12 15 16 20 
175	27:10:00	27:16:00	 2  4  5  6  8 11 16 18 
176	27:17:00	27:23:00	 4  6  7 10 15 16 19 
177	27:33:00	27:41:00	 1  2  3  4  6  9 10 11 12 16 19 
178	27:35:00	27:45:00	 3  5  6  7 12 14 16 17 18 
179	27:48:00	27:56:00	 1  3  4  6  7 12 13 14 16 17 19 
180	28:16:00	28:18:00	 2  3  4  6  8 10 11 13 15 16 18 20 
181	28:21:00	28:23:00	 2  6  9 10 12 13 15 16 17 19 
182	28:20:00	28:30:00	 4  5  7  8  9 10 12 13 14 15 18 
183	28:22:00	28:28:00	 1  2  3  6  7  8  9 10 11 15 16 17 19 
184	28:23:00	28:33:00	 2  5  9 10 11 13 15 16 17 20 
185	28:27:00	28:33:00	 1  2  3  4  5  6  8  9 10 11 12 13 15 16 17 18 19 20 
186	28:29:00	28:35:00	 1  2  8 11 12 13 15 20 
187	28:29:00	28:37:00	 1  4  6  7 12 18 19 
188	28:31:00	28:35:00	 2  4  8 11 12 13 14 16 17 19 
189	28:33:00	28:43:00	 3  6 10 12 13 16 17 
190	28:43:00	28:47:00	 1  3  5  8 10 11 12 15 16 17 18 
191	28:42:00	28:50:00	 1  4  5  6  9 11 12 13 14 15 16 17 
192	28:51:00	28:53:00	 1  2  5  9 11 14 16 17 18 20 
193	28:48:00	28:58:00	 5  6  8 11 13 17 18 19 20 
194	29:00:00	29:06:00	 2  4  7  9 13 14 16 17 18 
195	28:59:00	29:09:00	 1  5  8  9 10 11 12 13 15 19 20 
196	29:10:00	29:14:00	 2  5  6  8  9 11 15 17 19 
197	29:31:00	29:41:00	 1  3  5  8  9 11 13 15 18 20 
198	29:39:00	29:41:00	 4  5  6  7  9 16 17 18 19 
199	29:42:00	29:44:00	 2  3  4  5  7 10 11 13 18 19 
200	29:40:00	29:48:00	 2  3  9 10 11 12 13 15 16 17 19 
201	29:55:00	30:03:00	 1  5  6  7  8 11 14 16 18 20 
202	30:14:00	30:18:00	 3  4  8 12 14 15 17 19 20 
203	30:14:00	30:24:00	 2  3  7  8 10 11 12 14 16 19 20 
204	30:16:00	30:22:00	 1  2  3  6  7  8  9 12 13 17 19 
205	30:17:00	30:23:00	 1  2  3  4  6  7  8 10 13 14 
206	30:36:00	30:42:00	 3  7  9 11 13 15 17 18 20 
207	30:36:00	30:42:00	 2  6  7  9 10 12 19 
208	30:36:00	30:42:00	 2  7  8 11 12 16 17 18 19 20 
209	30:49:00	30:57:00	 1  4  9 12 14 16 17 
210	30:51:00	30:57:00	 2  4  5  6  9 11 14 15 18 19 20 
211	30:57:00	30:59:00	 1  3  4  7  8 11 12 13 15 17 19 
212	30:56:00	31:00:00	 1  5  9 15 16 20 
213	31:02:00	31:10:00	 5  7 12 17 20 
214	31:05:00	31:13:00	 3  4  5  7  8  9 11 12 13 15 16 18 19 
215	31:19:00	31:21:00	 7 11 12 13 19 20 
216	31:19:00	31:23:00	 2  3  5  6  9 12 18 19 
217	31:18:00	31:28:00	 4  9 10 12 14 16 19 
218	31:28:00	31:30:00	 2  3  5  6  7  8  9 10 11 12 14 16 20 
219	31:44:00	31:46:00	 1  2  3  5  7  9 12 13 14 16 17 18 20 
220	31:46:00	31:52:00	 1  5  6  8 10 13 15 16 19 20 
221	32:07:00	32:17:00	 2  3  4  5  6  7 10 12 18 20 
222	32:31:00	32:39:00	 2  4  9 10 11 15 18 
223	32:37:00	32:41:00	 2  3  4  5  6  7  9 11 12 13 14 15 16 19 
224	32:37:00	32:47:00	 1  2  3  4  6  7  8  9 10 15 17 18 19 
225	32:38:00	32:48:00	 3  4  5  9 11 15 16 17 19 20 
226	32:44:00	32:48:00	 1  2  5  7  8 10 12 16 17 20 
227	32:44:00	32:54:00	 1  3  9 10 12 14 16 17 20 
228	32:49:00	32:53:00	 1  3  5  6  7 10 13 17 18 
229	32:47:00	32:57:00	 1  2  3  4  6  8  9 12 13 14 17 18 20 
230	33:12:00	33:14:00	 1  2  3  4  5  6  8 10 13 15 18 19 
231	33:08:00	33:18:00	 1  5  9 13 14 15 17 19 20 
232	33:24:00	33:26:00	 2  5  6 12 14 16 17 19 
233	33:40:00	33:44:00	 1  3  5  6  8 11 12 14 15 17 18 19 20 
234	33:44:00	33:46:00	 1  2  7  9 10 11 19 20 
235	33:41:00	33:49:00	 7 10 13 14 15 19 
236	33:44:00	33:50:00	 3  6  7 10 13 14 15 17 20 
237	33:48:00	33:52:00	 4  7  8  9 12 14 17 18 19 20 
238	34:08:00	34:12:00	 1  2  3  5  6  8  9 11 12 16 
239	34:09:00	34:15:00	 1  4  5  9 10 11 12 13 15 17 18 19 20 
240	34:33:00	34:41:00	 3  4  8 12 15 16 20 
241	34:34:00	34:44:00	 2  3  4  5  6  8  9 12 18 19 
242	35:03:00	35:07:00	 2  4  9 10 15 16 
243	35:06:00	35:12:00	 1  3  4  5  6  7  8 11 12 13 14 15 16 18 19 
244	35:25:00	35:33:00	 3  4  7  8 10 11 15 20 
245	35:31:00	35:35:00	 4  7  8  9 10 13 14 15 16 17 20 
246	35:55:00	36:03:00	 2  3  5  6  7  8  9 10 12 14 16 18 19 
247	35:58:00	36:08:00	 1  2  3  4  6  7  8  9 11 12 13 16 17 19 20 
248	36:00:00	36:08:00	 1  2  5 10 11 12 13 16 18 20 
249	36:04:00	36:12:00	 1  2  4  9 10 12 13 14 15 16 17 18 19 
250	36:05:00	36:13:00	 1  2  3  4  5  7  8  9 10 11 13 14 16 20 
251	36:18:00	36:24:00	 2  3  6  8 11 12 16 17 18 20 
252	36:21:00	36:27:00	 4  5  6  9 10 11 12 13 16 17 
253	36:26:00	36:28:00	 1  4  5  6  8  9 12 14 15 17 19 
254	36:25:00	36:29:00	 1  2  4  5  7 10 11 12 15 17 
255	36:25:00	36:33:00	 4  5  7  8  9 15 18 19 
256	36:48:00	36:54:00	 1  2  3  4  5  6  7  8  9 10 11 13 17 20 
257	36:51:00	36:57:00	 1  3  4  8  9 11 12 13 16 17 18 
258	36:55:00	37:01:00	 2  7  9 11 14 15 16 17 18 
259	36:58:00	37:06:00	 1  3  4  6  9 10 12 19 
260	37:02:00	37:10:00	 2  5  6  7  8 10 13 14 16 18 19 20 
261	37:17:00	37:25:00	 1  5  6  7  8 11 13 15 16 17 19 
262	37:25:00	37:29:00	 1  3  6  8 11 12 13 14 17 18 
263	37:23:00	37:33:00	 1  2  3  5  7  8  9 16 19 20 
264	37:28:00	37:34:00	 2  5  7 10 11 15 16 17 18 19 20 
265	37:45:00	37:55:00	 1  7  9 14 
266	37:46:00	37:54:00	 1  2  3  4  5 17 20 
267	37:50:00	37:52:00	 1  3  4  5  6  7  9 10 11 18 
268	38:16:00	38:20:00	 1  5  7  9 10 11 14 16 19 
269	38:16:00	38:20:00	 2  7  9 10 11 12 14 18 
270	38:18:00	38:24:00	 1  2  3  4  5  6  7  8  9 11 12 14 16 20 
271	38:20:00	38:28:00	 1  3  4  6  8 10 12 14 16 
272	38:26:00	38:32:00	 1  5  6  7  9 11 13 14 15 19 
273	38:48:00	38:54:00	 2  4  7  8  9 10 11 13 17 18 
274	38:51:00	38:57:00	 5  7  8 11 15 16 17 18 20 
275	38:54:00	38:58:00	 2  4  7 10 15 17 18 19 20 
276	39:12:00	39:14:00	 2  4  5 11 17 18 20 
277	39:22:00	39:24:00	 2  3  4  7  8  9 10 12 14 15 17 
278	39:19:00	39:27:00	 1  2  3  5  8  9 10 11 13 14 18 19 20 
279	39:39:00	39:43:00	 1  3  4  8  9 10 13 17 18 19 
280	39:41:00	39:49:00	 8  9 10 11 12 13 14 15 16 19 20 
281	39:56:00	40:00:00	 3  7 10 13 14 16 18 20 
282	39:55:00	40:01:00	 2  3  4 11 12 14 16 19 
283	40:18:00	40:26:00	 2  5  6 11 12 15 16 18 20 
284	40:21:00	40:25:00	 3  4  7 10 11 15 17 18 
285	40:39:00	40:41:00	 4  5  6  7  8  9 10 12 13 16 17 18 20 
286	40:43:00	40:47:00	 4 12 13 14 15 16 18 20 
287	40:46:00	40:48:00	 1  2  4  7 11 14 20 
288	40:49:00	40:51:00	 3  6  7  9 15 18 19 
289	40:58:00	41:00:00	 1  2  5  6  7  9 12 13 14 17 20 
290	41:05:00	41:07:00	 1  4  5  6  7 10 11 16 19 20 
291	41:32:00	41:34:00	 1  3 11 13 16 17 18 19 20 
292	41:41:00	41:43:00	 1  2  3  6  9 10 13 18 20 
293	41:56:00	42:02:00	 3  4  6  7  8  9 12 13 15 20 
294	41:58:00	42:02:00	 1  2  3  7 11 12 14 16 19 20 
295	42:10:00	42:20:00	 2  4  5  6  7 11 12 15 18 
296	42:16:00	42:22:00	 2  3  4  6  9 10 11 12 13 16 20 
297	42:29:00	42:39:00	 1  3  9 10 11 12 13 17 18 19 
298	42:43:00	42:47:00	 3  4  5  8 11 14 16 18 20 
299	43:02:00	43:06:00	 1  2  3  5  6  8 10 12 13 16 18 19 
300	43:01:00	43:11:00	 1  8 13 18 20 
301	43:04:00	43:12:00	 1  2  3  5  7  8  9 11 12 14 16 17 19 
302	43:28:00	43:32:00	 1  3  4  6  7 15 16 19 
303	43:33:00	43:35:00	 1  3  6  7  8  9 13 14 
304	43:29:00	43:39:00	 2  3  7  8  9 12 16 17 20 
305	43:41:00	43:43:00	 1  3  8  9 10 11 13 14 15 17 19 20 
306	43:40:00	43:46:00	 1  2  4  9 11 12 13 15 17 19 20 
307	43:48:00	43:54:00	 1  2  5  6  7 10 11 12 13 15 16 20 
308	43:46:00	43:56:00	 3  4  6  8  9 10 12 14 16 20 
309	43:57:00	43:59:00	 1  3  5  6  8  9 10 12 14 15 16 18 19 20 
310	43:56:00	44:02:00	 2  4  5  6  7  8 13 14 17 18 
311	43:57:00	44:07:00	 1  5  6  8  9 10 11 12 20 
312	44:15:00	44:21:00	 1  2  4  5  6  7  9 10 11 14 15 18 19 20 
313	44:15:00	44:25:00	 2  3  4  5  7  9 10 14 15 20 
314	44:42:00	44:48:00	 1  5  6  8  9 10 11 15 16 17 18 20 
315	44:45:00	44:51:00	 2  4  8  9 12 14 16 18 20 
316	45:01:00	45:07:00	 1  2  3  4  5  8  9 11 12 14 16 19 
317	45:04:00	45:12:00	 4  7  8 12 13 15 16 17 
318	45:06:00	45:10:00	 2  3  4  5  6  8  9 11 12 14 16 17 18 19 
319	45:08:00	45:12:00	 1  4  7  8 12 14 15 16 20 
320	45:08:00	45:12:00	 2  3  4  5  6  7  8  9 10 11 15 16 19 
321	45:08:00	45:16:00	 1  3  4 10 11 12 13 17 
322	45:14:00	45:16:00	 1  3  6 11 12 14 17 18 19 20 
323	45:14:00	45:18:00	 1  2  3  4  5  6  7  8 10 18 19 
324	45:17:00	45:21:00	 2  3  4  6  7  8  9 14 15 19 
325	45:15:00	45:25:00	 6  9 11 12 14 16 19 
326	45:19:00	45:23:00	 1  5  7  8 11 12 15 18 19 20 
327	45:30:00	45:40:00	 2  3  4  6  7  8 10 11 12 13 16 
328	45:33:00	45:39:00	 2  4  5  8  9 11 15 16 20 
329	45:52:00	46:02:00	 1  3  4  6  8 12 14 15 16 17 19 20 
330	45:57:00	46:01:00	 1  5  9 11 12 13 15 18 
331	46:18:00	46:24:00	 2  4  5  6  7  9 10 11 12 14 15 16 20 
332	46:20:00	46:30:00	 3  6  7  8  9 11 12 19 20 
333	46:24:00	46:28:00	 1  2  7  8 12 14 16 17 18 
334	46:36:00	46:42:00	 1  3  9 12 14 17 19 20 
335	46:37:00	46:43:00	 1  2  3  4  7  8  9 12 15 17 18 
336	46:43:00	46:53:00	 1  2  3  4  5  6  7 11 15 16 20 
337	46:47:00	46:49:00	 5  7  8  9 13 14 16 17 20 
338	47:10:00	47:18:00	 1  3  5  7  8  9 10 11 13 15 16 18 19 20 
339	47:14:00	47:18:00	 1  5  6  7  8 10 14 15 16 18 19 
340	47:15:00	47:23:00	 1  3  4  5  9 13 14 15 16 17 19 20 
341	47:21:00	47:25:00	 3  4  6  7  9 11 14 18 20 
342	47:23:00	47:25:00	 2  4  8  9 13 14 15 16 18 20 
343	47:20:00	47:28:00	 2  5  6  7  8  9 11 13 15 17 18 20 
344	47:24:00	47:26:00	 1  3  4  5  6  7  8  9 11 12 13 16 17 18 
345	47:25:00	47:33:00	 2  6 10 14 15 16 17 18 19 
346	47:40:00	47:44:00	 1  4  6 12 13 14 15 18 
347	47:56:00	47:58:00	 2  4  6  7  8  9 12 13 15 16 17 
348	48:10:00	48:14:00	 1  3  5  6 10 11 12 14 17 18 19 
349	48:20:00	48:22:00	 1  3  6  7  8 12 15 17 18 19 
350	48:21:00	48:23:00	 1  2  3  4  8  9 12 14 17 18 20 
351	48:27:00	48:31:00	 2  3  5  6 10 11 15 16 18 19 20 
352	48:36:00	48:38:00	 2  3  4  5  7  8  9 11 12 13 14 15 16 17 18 19 20 
353	48:42:00	48:52:00	 2  4  5  6  8 10 11 13 15 16 18 20 
354	48:45:00	48:51:00	 1  3  5  7  8  9 11 13 14 16 17 20 
355	49:02:00	49:08:00	 4  7 13 14 15 20 
356	49:13:00	49:15:00	 1  6  7  9 10 11 13 17 
357	49:10:00	49:18:00	 2  4  5  6 12 13 16 17 18 19 20 
358	49:25:00	49:35:00	 3  9 10 11 14 16 18 20 
359	49:34:00	49:44:00	 1  2  5  6  7  8  9 12 15 17 18 
360	49:41:00	49:43:00	 3  4  5  6  8 10 11 12 14 18 
361	49:55:00	50:03:00	 5  6  7  8  9 11 13 14 15 16 18 20 
362	49:59:00	50:01:00	 3  5  6  8  9 11 12 13 16 17 20 
363	50:06:00	50:14:00	 1  2  3  5  7 15 16 17 19 
364	50:09:00	50:11:00	 1  3  5 13 16 17 20 
365	50:11:00	50:13:00	 2  4  8  9 11 12 14 15 17 18 
366	50:35:00	50:41:00	 4  5  6  7  8 10 13 17 18 19 20 
367	50:34:00	50:42:00	 5  6  8  9 13 14 15 17 
368	50:52:00	51:02:00	 2  4  5  8 11 12 13 14 15 18 20 
369	50:58:00	51:04:00	 1  2  4  6  7  8  9 11 15 16 18 19 
370	51:03:00	51:07:00	 6  8  9 11 12 15 16 17 20 
371	51:02:00	51:10:00	 1  3  4  5  8 11 16 17 18 20 
372	51:23:00	51:29:00	 4  5  6  7 10 11 12 13 14 16 17 18 20 
373	51:28:00	51:30:00	 1  2  3  8 10 11 12 14 17 18 19 
374	51:26:00	51:32:00	 2 11 14 15 16 17 19 
375	51:27:00	51:37:00	 2  4  5  6  7  9 11 12 14 15 17 18 
376	51:35:00	51:37:00	 1  2  3  5  6  9 10 11 13 15 16 17 18 
377	52:01:00	52:05:00	 1  2  3  4  5  6 10 11 12 14 16 17 18 19 
378	52:25:00	52:35:00	 1  6  8 10 11 12 14 17 18 20 
379	52:29:00	52:35:00	 1  2  4  6  7 10 12 13 14 15 19 20 
380	52:53:00	52:55:00	 3  4  5  6 10 14 19 20 
381	52:53:00	52:55:00	 2  3  4  7  8 10 11 12 16 17 18 19 20 
382	52:55:00	52:59:00	 3  4  6 10 13 14 16 18 19 20 
383	53:00:00	53:04:00	 2  4  5  8 10 12 13 15 16 18 20 
384	53:03:00	53:09:00	 1  2  6  8  9 10 11 14 16 17 19 
385	53:10:00	53:12:00	 1  2  4  8  9 11 13 14 15 
386	53:32:00	53:36:00	 3  4  5  6  8 13 15 20 
387	53:41:00	53:51:00	 1  2  3  5  7 11 13 14 15 16 18 20 
388	53:47:00	53:51:00	 4  5  6  7  8 11 12 13 15 16 18 19 20 
389	53:46:00	53:54:00	 2  3  4  7  8 10 11 15 16 18 19 
390	53:49:00	53:53:00	 4  5  6  9 10 11 12 16 18 19 
391	53:56:00	53:58:00	 2  5  6  7  8  9 11 12 13 14 15 18 19 
392	54:15:00	54:19:00	 2  6  7 10 15 19 20 
393	54:41:00	54:43:00	 1  2  8  9 11 13 17 18 20 
394	54:51:00	54:55:00	 4  5  6  7 11 12 14 17 18 
395	55:01:00	55:05:00	 1  3  6  7  9 10 11 13 14 15 16 17 20 
396	55:21:00	55:31:00	 1  2  6  8  9 12 13 14 15 17 18 19 
397	55:25:00	55:29:00	 1  5  8 10 11 13 15 16 18 19 20 
398	55:28:00	55:30:00	 2  4  5  7  8  9 10 11 12 14 15 16 17 18 19 
399	55:29:00	55:37:00	 1  2  5  7 15 16 17 18 
400	55:44:00	55:48:00	 1  2  4  5  6  8  9 11 17 20 
401	55:46:00	55:54:00	 1  2  4  6  7  8 11 12 14 15 16 18 
402	55:56:00	56:02:00	 4  7  8  9 10 15 16 18 
403	55:55:00	56:03:00	 2  5  6  8  9 11 15 16 17 19 20 
404	55:59:00	56:05:00	 1 10 14 16 19 
405	56:02:00	56:10:00	 1  3  6  8  9 11 12 14 15 17 20 
406	56:25:00	56:29:00	 1  2  3  4  5  9 10 12 13 18 19 20 
407	56:27:00	56:31:00	 1  5  6  7  9 11 13 15 16 17 19 
408	56:47:00	56:49:00	 2  4  5  7  9 10 14 16 17 
409	56:44:00	56:54:00	 1  2  4  5  7  9 11 13 14 15 16 19 20 
410	57:05:00	57:07:00	 1  2  4  5  6  9 11 13 18 20 
411	57:29:00	57:31:00	 2  4  5  9 11 12 14 15 16 18 19 20 
412	57:39:00	57:45:00	 1  2  3  5  7  9 11 12 14 15 16 18 
413	57:42:00	57:48:00	 2  4  6 13 16 17 19 
414	57:43:00	57:47:00	 1  3  6  8 10 11 12 13 14 17 
415	57:55:00	57:59:00	 1  8  9 10 11 12 14 15 
416	58:19:00	58:21:00	 3  4  6  8  9 11 12 13 14 19 20 
417	58:41:00	58:47:00	 1  2  5  7  8 11 13 14 15 18 19 20 
418	58:42:00	58:52:00	 1  5  6  7  8 10 11 14 17 19 20 
419	58:44:00	58:50:00	 5  9 11 12 13 15 16 
420	58:50:00	58:52:00	 2  3  4  5  6  9 12 15 18 19 20 
421	59:09:00	59:13:00	 1  5  8 10 11 12 14 15 17 18 19 20 
422	59:21:00	59:25:00	 2  3  4  5  6  7 12 14 18 19 20 
423	59:21:00	59:31:00	 2  4  5  6  7 10 11 12 14 15 17 18 19 
424	59:29:00	59:35:00	 3  4  9 10 14 15 
425	59:33:00	59:43:00	 4  6  7  9 10 12 13 17 19 
426	59:38:00	59:46:00	 5  6  8  9 10 11 12 16 17 
427	59:42:00	59:50:00	10 15 17 19 20 
428	59:46:00	59:48:00	 1  2  3  4  5  6  9 12 17 18 19 20 
429	59:53:00	59:55:00	 4  8  9 10 11 13 14 15 17 18 
430	59:50:00	60:00:00	 1  2  3  7  9 10 15 16 17 
431	60:03:00	60:09:00	 1  4  7  8  9 10 12 13 14 15 19 
432	60:02:00	60:10:00	 7  9 10 15 16 17 19 
433	60:06:00	60:08:00	 2  4  5  7  8 15 17 18 20 
434	60:10:00	60:20:00	 1  2  4  5  7  8  9 10 11 12 19 
435	60:17:00	60:19:00	 1  2  7  8  9 11 12 13 14 17 19 
436	60:16:00	60:20:00	 3  4  5  6  8  9 10 12 16 20 
437	60:38:00	60:40:00	 2  3  5  6  7 11 12 13 14 17 20 
438	60:47:00	60:53:00	 1  5  6  9 13 14 16 17 20 
439	60:47:00	60:55:00	 1  2  3  6  7  8  9 10 11 12 13 15 18 20 
440	61:07:00	61:15:00	 1  2  3  6  7 15 16 17 18 
441	61:15:00	61:23:00	 1  2  6  8  9 11 12 13 15 16 17 20 
442	61:17:00	61:21:00	 1  3  5  9 10 11 12 13 17 20 
443	61:29:00	61:39:00	 1  7 18 19 20 
444	61:33:00	61:41:00	 1  2  7  8 10 11 14 15 18 
445	61:34:00	61:44:00	 4  7  9 13 15 19 20 
446	61:39:00	61:43:00	 2  5  7  8 10 11 12 13 14 16 17 18 19 20 
447	61:40:00	61:44:00	 4  5  6  9 10 15 19 20 
448	61:41:00	61:45:00	 1  3  4  5  6  7  8  9 10 11 13 15 16 19 
449	61:55:00	62:05:00	 1  2  5  6  8  9 10 14 15 16 18 20 
450	62:18:00	62:24:00	 1  2  3  7  8 12 13 16 19 
451	62:33:00	62:43:00	 3  4  5  7  9 11 13 15 16 18 
452	62:37:00	62:45:00	 2  5  6  8  9 12 13 19 
453	63:04:00	63:10:00	 2  3  5  7  8  9 10 11 13 15 19 
454	63:03:00	63:11:00	 3  5 10 11 14 15 16 18 20 
455	63:03:00	63:13:00	 2  5  6  7  8  9 10 13 16 17 18 20 
456	63:21:00	63:25:00	 1  6  7 10 12 17 
457	63:23:00	63:29:00	 1  2  3  4 14 15 17 18 19 
458	63:24:00	63:34:00	 3  4  5  6 11 14 17 18 19 20 
459	63:31:00	63:35:00	 2  3  5  7 10 12 14 16 
460	63:32:00	63:42:00	 1  2  5  8 12 13 16 18 19 
461	63:36:00	63:42:00	 1  2  4  5  7  9 10 12 14 16 17 19 
462	63:58:00	64:08:00	 1  4  6  7  8 10 12 16 17 19 20 
463	64:05:00	64:13:00	 1  2  3  8 11 13 15 16 18 19 
464	64:33:00	64:35:00	 1  3  4  5  6 10 13 14 16 17 18 19 20 
465	64:44:00	64:54:00	 2  3  4  6  9 10 11 12 13 14 15 16 
466	65:00:00	65:06:00	 1  2  3  5  8  9 10 11 14 18 19 20 
467	65:04:00	65:10:00	 3  5  6 10 11 14 17 19 20 
468	65:08:00	65:10:00	 4  8 12 14 15 17 19 20 
469	65:09:00	65:11:00	 4  5  7  9 16 18 19 20 
470	65:20:00	65:24:00	 1  5  6  8  9 11 13 
471	65:22:00	65:28:00	 1  5  7  9 10 17 18 19 
472	65:23:00	65:27:00	 3  6  7 10 12 14 18 19 
473	65:28:00	65:30:00	 4  8 13 14 16 18 19 20 
474	65:28:00	65:34:00	 2  4  5 10 12 13 20 
475	65:43:00	65:47:00	 4  8  9 12 13 14 15 16 19 20 
476	65:47:00	65:49:00	 1  2  5  7  8 10 11 12 15 16 17 19 
477	65:57:00	66:03:00	 3  8 11 12 13 16 19 
478	65:59:00	66:03:00	 1  5  6  9 11 12 15 19 20 
479	66:03:00	66:09:00	 2  3  5  7  8 10 11 14 17 18 19 20 
480	66:07:00	66:17:00	 1  2  5  8  9 11 12 17 18 
481	66:12:00	66:18:00	 1  3  5  8  9 10 11 12 14 16 17 
482	66:13:00	66:23:00	 2  3  4  5  6  7  8 10 11 13 14 17 18 19 
483	66:29:00	66:35:00	 8 10 12 14 15 17 
484	66:51:00	66:53:00	 2  3  6 10 13 15 16 17 18 19 20 
485	66:53:00	67:03:00	 4  5  8  9 10 11 17 18 19 
486	67:12:00	67:20:00	 2  4  5  7  8 10 12 13 17 
487	67:15:00	67:17:00	 1  3  4  5  7 11 12 13 14 17 18 19 
488	67:18:00	67:20:00	 2  4  5  8  9 11 12 13 14 17 18 19 
489	67:15:00	67:23:00	 1  2  3  5  6  7  8  9 13 16 20 
490	67:21:00	67:23:00	 4  6  7 11 13 15 17 
491	67:45:00	67:53:00	 1  2  5  6  7  8  9 12 13 14 15 16 17 19 
492	67:47:00	67:57:00	 3  9 10 11 12 16 19 20 
493	68:00:00	68:10:00	 1  2  3  4 10 13 15 19 
494	68:04:00	68:10:00	 3  5  7  9 11 12 14 15 
495	68:12:00	68:14:00	 1  2  4  6  7  9 10 12 13 14 15 19 
496	68:10:00	68:16:00	 3  5  9 10 12 13 17 18 
497	68:12:00	68:22:00	 1  7  8 10 11 13 14 16 17 
498	68:18:00	68:22:00	 1  7  8 10 13 14 16 18 20 
499	68:21:00	68:27:00	 1  3  4  6  8 11 14 17 18 
500	68:44:00	68:48:00	 1  2  4  5  6  8  9 10 12 15 19 20 

