229 16
1	05:30:00	20:30:00
2	05:30:00	20:30:00
3	05:30:00	20:30:00
4	05:30:00	20:30:00
5	05:30:00	20:30:00
6	05:30:00	20:30:00
7	05:30:00	20:30:00
8	05:30:00	20:30:00
9	05:30:00	20:30:00
10	05:30:00	20:30:00
11	05:30:00	20:30:00
12	05:30:00	20:30:00
13	05:30:00	20:30:00
14	05:30:00	20:30:00
15	05:30:00	20:30:00
16	05:30:00	20:30:00
33	06:15:00	06:35:00	1 2 3 4 5 6 7 8 9 11 12 13 14 15 16  
39	18:20:00	18:40:00	1 2 3 4 5 6 7 8 9 11 12 13 14 15 16  
44	17:05:00	17:25:00	1 2 3 4 5 6 7 8 9 11 12 13 14 15 16  
40	13:21:00	13:33:00	1 2 3 4 5 6 7 8 9 11 12 13 14 15 16  
49	05:35:00	05:55:00	1 2 3 4 5 6 7 8 9 11 12 13 14 15 16  
42	17:55:00	18:15:00	1 2 3 4 5 6 7 8 9 11 12 13 14 15 16  
35	16:15:00	16:35:00	1 2 3 4 5 6 7 8 9 11 12 13 14 15 16  
34	13:01:00	13:15:00	1 2 3 4 5 6 7 8 9 11 12 13 14 15 16  
41	13:55:00	14:15:00	1 2 3 4 5 6 7 8 9 11 12 13 14 15 16  
50	06:20:00	06:40:00	1 2 3 4 5 6 7 8 9 11 12 13 14 15 16  
45	17:25:00	17:40:00	1 2 3 4 5 6 7 8 9 11 12 13 14 15 16  
53	07:50:00	08:05:00	1 2 3 4 5 6 7 8 9 11 12 13 14 15 16  
52	07:20:00	07:35:00	1 2 3 4 5 6 7 8 9 11 12 13 14 15 16  
43	19:35:00	19:55:00	1 2 3 4 5 6 7 8 9 11 12 13 14 15 16  
46	16:35:00	16:55:00	1 2 3 4 5 6 7 8 9 11 12 13 14 15 16  
76	08:15:00	08:35:00	1 2 3 4 5 6 7 8 9 11 12 13 14 15 16  
68	16:15:00	16:35:00	1 2 3 4 5 6 7 8 9 11 12 13 14 15 16  
55	10:15:00	10:35:00	1 2 3 4 5 6 7 8 9 11 12 13 14 15 16  
61	14:15:00	14:35:00	1 2 3 4 5 6 7 8 9 11 12 13 14 15 16  
74	19:15:00	19:35:00	1 2 3 4 5 6 7 8 9 11 12 13 14 15 16  
82	15:15:00	15:35:00	1 2 3 4 5 6 7 8 9 11 12 13 14 15 16  
59	13:11:00	13:25:00	1 2 3 4 5 6 7 8 9 11 12 13 14 15 16  
103	14:05:00	14:25:00	1 2 3 4 5 6 7 8 9 11 12 13 14 15 16  
70	17:15:00	17:35:00	1 2 3 4 5 6 7 8 9 11 12 13 14 15 16  
93	06:00:00	06:20:00	1 2 3 4 5 6 7 8 9 11 12 13 14 15 16  
69	16:45:00	17:05:00	1 2 3 4 5 6 7 8 9 11 12 13 14 15 16  
100	06:45:00	07:05:00	1 2 3 4 5 6 7 8 9 11 12 13 14 15 16  
102	13:11:00	13:25:00	1 2 3 4 5 6 7 8 9 11 12 13 14 15 16  
85	18:15:00	18:35:00	1 2 3 4 5 6 7 8 9 11 12 13 14 15 16  
96	13:10:00	13:24:00	1 2 3 4 5 6 7 8 9 11 12 13 14 15 16  
87	11:15:00	11:35:00	1 2 3 4 5 6 7 8 9 11 12 13 14 15 16  
105	17:50:00	18:10:00	1 2 3 4 5 6 7 8 9 11 12 13 14 15 16  
91	07:05:00	07:20:00	1 2 3 4 5 6 7 8 9 11 12 13 14 15 16  
1405	18:45:00	19:05:00	1 2 3 4 5 6 7 8 9 11 12 13 14 15 16  
155	13:38:00	13:50:00	1 2 3 4 5 6 7 8 9 11 12 13 14 15 16  
94	06:45:00	07:05:00	1 2 3 4 5 6 7 8 9 11 12 13 14 15 16  
58	12:51:00	13:05:00	1 2 3 4 5 6 7 8 9 11 12 13 14 15 16  
158	14:55:00	15:15:00	1 2 3 4 5 6 7 8 9 11 12 13 14 15 16  
108	13:10:00	13:24:00	1 2 3 4 5 6 7 8 9 11 12 13 14 15 16  
1406	20:05:00	20:25:00	1 2 3 4 5 6 7 8 9 11 12 13 14 15 16  
151	09:05:00	09:25:00	1 2 3 4 5 6 7 8 9 11 12 13 14 15 16  
161	16:55:00	17:15:00	1 2 3 4 5 6 7 8 9 11 12 13 14 15 16  
149	07:05:00	07:25:00	1 2 3 4 5 6 7 8 9 11 12 13 14 15 16  
1408	12:00:00	12:20:00	1 2 3 4 5 6 7 8 9 11 12 13 14 15 16  
164	19:05:00	19:25:00	1 2 3 4 5 6 7 8 9 11 12 13 14 15 16  
57	12:20:00	12:35:00	1 2 3 4 5 6 7 8 9 11 12 13 14 15 16  
148	06:17:00	06:37:00	1 2 3 4 5 6 7 8 9 11 12 13 14 15 16  
163	18:15:00	18:35:00	1 2 3 4 5 6 7 8 9 11 12 13 14 15 16  
152	11:15:00	11:35:00	1 2 3 4 5 6 7 8 9 11 12 13 14 15 16  
1816	13:11:00	13:25:00	1 2 3 4 5 6 7 8 9 11 12 13 14 15 16  
154	12:51:00	13:05:00	1 2 3 4 5 6 7 8 9 11 12 13 14 15 16  
200	17:35:00	17:55:00	1 2 3 4 5 6 7 8 9 11 12 13 14 15 16  
171	17:00:00	17:15:00	1 2 3 4 5 6 7 8 9 11 12 13 14 15 16  
160	16:25:00	16:45:00	1 2 3 4 5 6 7 8 9 11 12 13 14 15 16  
60	13:38:00	13:50:00	1 2 3 4 5 6 7 8 9 11 12 13 14 15 16  
166	08:35:00	08:55:00	1 2 3 4 5 6 7 8 9 11 12 13 14 15 16  
104	16:50:00	17:10:00	1 2 3 4 5 6 7 8 9 11 12 13 14 15 16  
175	07:00:00	07:20:00	1 2 3 4 5 6 7 8 9 11 12 13 14 15 16  
178	13:43:00	13:55:00	1 2 3 4 5 6 7 8 9 11 12 13 14 15 16  
174	13:50:00	14:05:00	1 2 3 4 5 6 7 8 9 11 12 13 14 15 16  
550	07:35:00	07:50:00	1 2 3 4 5 6 7 8 9 11 12 13 14 15 16  
177	11:45:00	12:05:00	1 2 3 4 5 6 7 8 9 11 12 13 14 15 16  
107	11:59:00	12:19:00	1 2 3 4 5 6 7 8 9 11 12 13 14 15 16  
150	08:05:00	08:25:00	1 2 3 4 5 6 7 8 9 11 12 13 14 15 16  
233	07:10:00	07:30:00	1 2 3 4 5 6 7 8 9 11 12 13 14 15 16  
181	16:00:00	16:20:00	1 2 3 4 5 6 7 8 9 11 12 13 14 15 16  
553	07:40:00	08:00:00	1 2 3 4 5 6 7 8 9 11 12 13 14 15 16  
236	06:00:00	06:20:00	1 2 3 4 5 6 7 8 9 11 12 13 14 15 16  
153	12:05:00	12:25:00	1 2 3 4 5 6 7 8 9 11 12 13 14 15 16  
156	14:15:00	14:35:00	1 2 3 4 5 6 7 8 9 11 12 13 14 15 16  
180	18:55:00	19:15:00	1 2 3 4 5 6 7 8 9 11 12 13 14 15 16  
552	07:35:00	07:55:00	1 2 3 4 5 6 7 8 9 11 12 13 14 15 16  
253	11:00:00	11:20:00	1 2 3 4 5 6 7 8 9 11 12 13 14 15 16  
1334	13:26:00	13:38:00	1 2 3 4 5 6 7 8 9 11 12 13 14 15 16  
245	17:15:00	17:35:00	1 2 3 4 5 6 7 8 9 11 12 13 14 15 16  
235	07:30:00	07:50:00	1 2 3 4 5 6 7 8 9 11 12 13 14 15 16  
244	17:55:00	18:15:00	1 2 3 4 5 6 7 8 9 11 12 13 14 15 16  
179	17:55:00	18:15:00	1 2 3 4 5 6 7 8 9 11 12 13 14 15 16  
159	15:55:00	16:15:00	1 2 3 4 5 6 7 8 9 11 12 13 14 15 16  
239	13:43:00	13:55:00	1 2 3 4 5 6 7 8 9 11 12 13 14 15 16  
248	16:55:00	17:15:00	1 2 3 4 5 6 7 8 9 11 12 13 14 15 16  
256	13:01:00	13:15:00	1 2 3 4 5 6 7 8 9 11 12 13 14 15 16  
259	08:40:00	09:00:00	1 2 3 4 5 6 7 8 9 11 12 13 14 15 16  
238	12:30:00	12:50:00	1 2 3 4 5 6 7 8 9 11 12 13 14 15 16  
265	18:20:00	18:35:00	1 2 3 4 5 6 7 8 9 11 12 13 14 15 16  
247	13:50:00	14:05:00	1 2 3 4 5 6 7 8 9 11 12 13 14 15 16  
251	16:55:00	17:15:00	1 2 3 4 5 6 7 8 9 11 12 13 14 15 16  
162	17:35:00	17:55:00	1 2 3 4 5 6 7 8 9 11 12 13 14 15 16  
261	15:45:00	16:05:00	1 2 3 4 5 6 7 8 9 11 12 13 14 15 16  
254	07:42:00	08:02:00	1 2 3 4 5 6 7 8 9 11 12 13 14 15 16  
262	17:05:00	17:25:00	1 2 3 4 5 6 7 8 9 11 12 13 14 15 16  
297	06:45:00	07:05:00	1 2 3 4 5 6 7 8 9 11 12 13 14 15 16  
300	10:30:00	10:50:00	1 2 3 4 5 6 7 8 9 11 12 13 14 15 16  
1438	18:45:00	19:05:00	1 2 3 4 5 6 7 8 9 11 12 13 14 15 16  
264	16:45:00	17:05:00	1 2 3 4 5 6 7 8 9 11 12 13 14 15 16  
250	12:35:00	12:50:00	1 2 3 4 5 6 7 8 9 11 12 13 14 15 16  
296	06:20:00	06:40:00	1 2 3 4 5 6 7 8 9 11 12 13 14 15 16  
303	12:30:00	12:50:00	1 2 3 4 5 6 7 8 9 11 12 13 14 15 16  
182	16:40:00	17:00:00	1 2 3 4 5 6 7 8 9 11 12 13 14 15 16  
299	09:30:00	09:50:00	1 2 3 4 5 6 7 8 9 11 12 13 14 15 16  
314	18:30:00	18:50:00	1 2 3 4 5 6 7 8 9 11 12 13 14 15 16  
302	12:00:00	12:20:00	1 2 3 4 5 6 7 8 9 11 12 13 14 15 16  
306	14:15:00	14:35:00	1 2 3 4 5 6 7 8 9 11 12 13 14 15 16  
317	19:30:00	19:50:00	1 2 3 4 5 6 7 8 9 11 12 13 14 15 16  
165	19:45:00	20:05:00	1 2 3 4 5 6 7 8 9 11 12 13 14 15 16  
309	16:00:00	16:20:00	1 2 3 4 5 6 7 8 9 11 12 13 14 15 16  
305	13:38:00	13:50:00	1 2 3 4 5 6 7 8 9 11 12 13 14 15 16  
728	17:10:00	17:30:00	1 2 3 4 5 6 7 8 9 11 12 13 14 15 16  
308	15:35:00	15:55:00	1 2 3 4 5 6 7 8 9 11 12 13 14 15 16  
312	17:30:00	17:50:00	1 2 3 4 5 6 7 8 9 11 12 13 14 15 16  
351	13:43:00	13:55:00	1 2 3 4 5 6 7 8 9 11 12 13 14 15 16  
349	13:11:00	13:25:00	1 2 3 4 5 6 7 8 9 11 12 13 14 15 16  
311	17:00:00	17:20:00	1 2 3 4 5 6 7 8 9 11 12 13 14 15 16  
355	16:35:00	16:55:00	1 2 3 4 5 6 7 8 9 11 12 13 14 15 16  
243	16:20:00	16:40:00	1 2 3 4 5 6 7 8 9 11 12 13 14 15 16  
315	07:05:00	07:25:00	1 2 3 4 5 6 7 8 9 11 12 13 14 15 16  
352	17:15:00	17:35:00	1 2 3 4 5 6 7 8 9 11 12 13 14 15 16  
354	12:00:00	12:20:00	1 2 3 4 5 6 7 8 9 11 12 13 14 15 16  
168	13:26:00	13:38:00	1 2 3 4 5 6 7 8 9 11 12 13 14 15 16  
220	06:57:00	07:17:00	1 2 3 4 5 6 7 8 9 11 12 13 14 15 16  
393	06:00:00	06:20:00	1 2 3 4 5 6 7 8 9 11 12 13 14 15 16  
246	11:50:00	12:10:00	1 2 3 4 5 6 7 8 9 11 12 13 14 15 16  
344	06:50:00	07:10:00	1 2 3 4 5 6 7 8 9 11 12 13 14 15 16  
378	19:15:00	19:35:00	1 2 3 4 5 6 7 8 9 11 12 13 14 15 16  
1338	07:31:00	07:51:00	1 2 3 4 5 6 7 8 9 11 12 13 14 15 16  
1530	07:35:00	07:50:00	1 2 3 4 5 6 7 8 9 11 12 13 14 15 16  
370	09:00:00	09:20:00	1 2 3 4 5 6 7 8 9 11 12 13 14 15 16  
298	07:30:00	07:50:00	1 2 3 4 5 6 7 8 9 11 12 13 14 15 16  
412	13:06:00	13:20:00	1 2 3 4 5 6 7 8 9 11 12 13 14 15 16  
416	14:30:00	14:50:00	1 2 3 4 5 6 7 8 9 11 12 13 14 15 16  
249	18:20:00	18:40:00	1 2 3 4 5 6 7 8 9 11 12 13 14 15 16  
373	13:48:00	14:00:00	1 2 3 4 5 6 7 8 9 11 12 13 14 15 16  
369	06:25:00	06:45:00	1 2 3 4 5 6 7 8 9 11 12 13 14 15 16  
372	12:30:00	12:50:00	1 2 3 4 5 6 7 8 9 11 12 13 14 15 16  
415	14:05:00	14:20:00	1 2 3 4 5 6 7 8 9 11 12 13 14 15 16  
404	09:30:00	09:50:00	1 2 3 4 5 6 7 8 9 11 12 13 14 15 16  
419	16:00:00	16:20:00	1 2 3 4 5 6 7 8 9 11 12 13 14 15 16  
376	17:20:00	17:40:00	1 2 3 4 5 6 7 8 9 11 12 13 14 15 16  
1121	16:35:00	16:55:00	1 2 3 4 5 6 7 8 9 11 12 13 14 15 16  
301	11:30:00	11:50:00	1 2 3 4 5 6 7 8 9 11 12 13 14 15 16  
304	13:06:00	13:20:00	1 2 3 4 5 6 7 8 9 11 12 13 14 15 16  
422	16:50:00	17:05:00	1 2 3 4 5 6 7 8 9 11 12 13 14 15 16  
392	05:35:00	05:55:00	1 2 3 4 5 6 7 8 9 11 12 13 14 15 16  
418	15:30:00	15:50:00	1 2 3 4 5 6 7 8 9 11 12 13 14 15 16  
396	06:45:00	07:00:00	1 2 3 4 5 6 7 8 9 11 12 13 14 15 16  
425	18:00:00	18:20:00	1 2 3 4 5 6 7 8 9 11 12 13 14 15 16  
307	15:00:00	15:20:00	1 2 3 4 5 6 7 8 9 11 12 13 14 15 16  
407	11:00:00	11:20:00	1 2 3 4 5 6 7 8 9 11 12 13 14 15 16  
421	16:30:00	16:50:00	1 2 3 4 5 6 7 8 9 11 12 13 14 15 16  
395	06:25:00	06:45:00	1 2 3 4 5 6 7 8 9 11 12 13 14 15 16  
399	07:35:00	07:50:00	1 2 3 4 5 6 7 8 9 11 12 13 14 15 16  
398	07:20:00	07:35:00	1 2 3 4 5 6 7 8 9 11 12 13 14 15 16  
410	12:30:00	12:50:00	1 2 3 4 5 6 7 8 9 11 12 13 14 15 16  
413	13:38:00	13:50:00	1 2 3 4 5 6 7 8 9 11 12 13 14 15 16  
402	08:30:00	08:50:00	1 2 3 4 5 6 7 8 9 11 12 13 14 15 16  
252	06:35:00	06:55:00	1 2 3 4 5 6 7 8 9 11 12 13 14 15 16  
401	08:05:00	08:20:00	1 2 3 4 5 6 7 8 9 11 12 13 14 15 16  
448	12:59:00	13:13:00	1 2 3 4 5 6 7 8 9 11 12 13 14 15 16  
441	13:21:00	13:33:00	1 2 3 4 5 6 7 8 9 11 12 13 14 15 16  
405	10:00:00	10:20:00	1 2 3 4 5 6 7 8 9 11 12 13 14 15 16  
451	14:00:00	14:20:00	1 2 3 4 5 6 7 8 9 11 12 13 14 15 16  
428	19:30:00	19:50:00	1 2 3 4 5 6 7 8 9 11 12 13 14 15 16  
255	13:41:00	13:53:00	1 2 3 4 5 6 7 8 9 11 12 13 14 15 16  
454	17:00:00	17:20:00	1 2 3 4 5 6 7 8 9 11 12 13 14 15 16  
424	17:30:00	17:50:00	1 2 3 4 5 6 7 8 9 11 12 13 14 15 16  
436	17:59:00	18:19:00	1 2 3 4 5 6 7 8 9 11 12 13 14 15 16  
444	07:30:00	07:50:00	1 2 3 4 5 6 7 8 9 11 12 13 14 15 16  
431	12:44:00	13:04:00	1 2 3 4 5 6 7 8 9 11 12 13 14 15 16  
397	07:00:00	07:20:00	1 2 3 4 5 6 7 8 9 11 12 13 14 15 16  
447	09:30:00	09:50:00	1 2 3 4 5 6 7 8 9 11 12 13 14 15 16  
439	10:30:00	10:50:00	1 2 3 4 5 6 7 8 9 11 12 13 14 15 16  
437	06:45:00	07:05:00	1 2 3 4 5 6 7 8 9 11 12 13 14 15 16  
442	17:30:00	17:50:00	1 2 3 4 5 6 7 8 9 11 12 13 14 15 16  
427	19:00:00	19:20:00	1 2 3 4 5 6 7 8 9 11 12 13 14 15 16  
433	13:38:00	13:49:00	1 2 3 4 5 6 7 8 9 11 12 13 14 15 16  
450	12:00:00	12:20:00	1 2 3 4 5 6 7 8 9 11 12 13 14 15 16  
258	08:02:00	08:20:00	1 2 3 4 5 6 7 8 9 11 12 13 14 15 16  
310	16:40:00	17:00:00	1 2 3 4 5 6 7 8 9 11 12 13 14 15 16  
453	16:30:00	16:50:00	1 2 3 4 5 6 7 8 9 11 12 13 14 15 16  
456	13:38:00	13:50:00	1 2 3 4 5 6 7 8 9 11 12 13 14 15 16  
423	17:05:00	17:20:00	1 2 3 4 5 6 7 8 9 11 12 13 14 15 16  
313	18:00:00	18:20:00	1 2 3 4 5 6 7 8 9 11 12 13 14 15 16  
426	18:30:00	18:50:00	1 2 3 4 5 6 7 8 9 11 12 13 14 15 16  
429	20:05:00	20:25:00	1 2 3 4 5 6 7 8 9 11 12 13 14 15 16  
316	08:30:00	08:50:00	1 2 3 4 5 6 7 8 9 11 12 13 14 15 16  
319	19:00:00	19:20:00	1 2 3 4 5 6 7 8 9 11 12 13 14 15 16  
348	13:43:00	13:55:00	1 2 3 4 5 6 7 8 9 11 12 13 14 15 16  
371	10:15:00	10:35:00	1 2 3 4 5 6 7 8 9 11 12 13 14 15 16  
374	14:00:00	14:20:00	1 2 3 4 5 6 7 8 9 11 12 13 14 15 16  
377	18:15:00	18:35:00	1 2 3 4 5 6 7 8 9 11 12 13 14 15 16  
1611	13:48:00	14:00:00	1 2 3 4 5 6 7 8 9 11 12 13 14 15 16  
1524	08:15:00	08:35:00	1 2 3 4 5 6 7 8 9 11 12 13 14 15 16  
449	11:30:00	11:50:00	1 2 3 4 5 6 7 8 9 11 12 13 14 15 16  
400	07:50:00	08:05:00	1 2 3 4 5 6 7 8 9 11 12 13 14 15 16  
403	09:00:00	09:20:00	1 2 3 4 5 6 7 8 9 11 12 13 14 15 16  
406	10:30:00	10:50:00	1 2 3 4 5 6 7 8 9 11 12 13 14 15 16  
409	12:00:00	12:20:00	1 2 3 4 5 6 7 8 9 11 12 13 14 15 16  
432	13:05:00	13:19:00	1 2 3 4 5 6 7 8 9 11 12 13 14 15 16  
435	17:29:00	17:49:00	1 2 3 4 5 6 7 8 9 11 12 13 14 15 16  
438	06:20:00	06:40:00	1 2 3 4 5 6 7 8 9 11 12 13 14 15 16  
1521	13:28:00	13:48:00	1 2 3 4 5 6 7 8 9 11 12 13 14 15 16  
452	14:30:00	14:50:00	1 2 3 4 5 6 7 8 9 11 12 13 14 15 16  
48	18:50:00	19:10:00	1 2 3 4 5 6 7 8 9 11 12 13 14 15 16  
51	06:45:00	07:05:00	1 2 3 4 5 6 7 8 9 11 12 13 14 15 16  
455	18:30:00	18:50:00	1 2 3 4 5 6 7 8 9 11 12 13 14 15 16  
54	09:15:00	09:35:00	1 2 3 4 5 6 7 8 9 11 12 13 14 15 16  
1404	17:45:00	18:05:00	1 2 3 4 5 6 7 8 9 11 12 13 14 15 16  
106	19:00:00	19:20:00	1 2 3 4 5 6 7 8 9 11 12 13 14 15 16  
167	10:15:00	10:35:00	1 2 3 4 5 6 7 8 9 11 12 13 14 15 16  
170	13:26:00	13:38:00	1 2 3 4 5 6 7 8 9 11 12 13 14 15 16  
173	12:30:00	12:50:00	1 2 3 4 5 6 7 8 9 11 12 13 14 15 16  
559	07:15:00	07:35:00	1 2 3 4 5 6 7 8 9 11 12 13 14 15 16  
237	07:20:00	07:40:00	1 2 3 4 5 6 7 8 9 11 12 13 14 15 16  
257	18:00:00	18:20:00	1 2 3 4 5 6 7 8 9 11 12 13 14 15 16  
260	11:55:00	12:15:00	1 2 3 4 5 6 7 8 9 11 12 13 14 15 16  
263	13:21:00	13:33:00	1 2 3 4 5 6 7 8 9 11 12 13 14 15 16  
1410	10:30:00	10:50:00	1 2 3 4 5 6 7 8 9 11 12 13 14 15 16  
347	13:09:00	13:23:00	1 2 3 4 5 6 7 8 9 11 12 13 14 15 16  
350	13:21:00	13:33:00	1 2 3 4 5 6 7 8 9 11 12 13 14 15 16  
353	13:11:00	13:25:00	1 2 3 4 5 6 7 8 9 11 12 13 14 15 16  
356	18:00:00	18:20:00	1 2 3 4 5 6 7 8 9 11 12 13 14 15 16  
379	16:35:00	16:55:00	1 2 3 4 5 6 7 8 9 11 12 13 14 15 16  
408	11:30:00	11:50:00	1 2 3 4 5 6 7 8 9 11 12 13 14 15 16  
411	12:51:00	13:05:00	1 2 3 4 5 6 7 8 9 11 12 13 14 15 16  
414	13:50:00	14:05:00	1 2 3 4 5 6 7 8 9 11 12 13 14 15 16  
417	15:00:00	15:20:00	1 2 3 4 5 6 7 8 9 11 12 13 14 15 16  
440	13:01:00	13:15:00	1 2 3 4 5 6 7 8 9 11 12 13 14 15 16  
443	19:35:00	19:55:00	1 2 3 4 5 6 7 8 9 11 12 13 14 15 16  
446	15:30:00	15:50:00	1 2 3 4 5 6 7 8 9 11 12 13 14 15 16  
